0.9540229885057471
1.0

0.9310344827586207
1.0

0.9425287356321839
1.0

0.9425287356321839
1.0

0.9195402298850575
1.0

0.9310344827586207
1.0

0.9425287356321839
1.0

0.9540229885057471
1.0

0.8735632183908046
1.0

0.9540229885057471
1.0

0.9310344827586207
1.0

0.9195402298850575
1.0

0.9425287356321839
1.0

0.896551724137931
1.0

0.9080459770114943
1.0

0.9425287356321839
1.0

0.9195402298850575
1.0

0.9310344827586207
1.0

0.9310344827586207
1.0

0.8620689655172413
1.0

0.9425287356321839
1.0

0.9540229885057471
1.0

0.9080459770114943
1.0

0.9540229885057471
1.0

0.9540229885057471
1.0

0.9195402298850575
1.0

0.9080459770114943
1.0

0.9080459770114943
1.0

0.9425287356321839
1.0

0.9425287356321839
1.0

0.9195402298850575
1.0

0.9310344827586207
1.0

0.9310344827586207
1.0

0.9195402298850575
1.0

0.9655172413793104
1.0

0.9310344827586207
1.0

0.9540229885057471
1.0

0.9310344827586207
1.0

0.9770114942528736
1.0

0.9080459770114943
1.0

0.896551724137931
1.0

0.9540229885057471
1.0

0.9310344827586207
1.0

0.9310344827586207
1.0

0.9310344827586207
1.0

0.9310344827586207
1.0

0.9080459770114943
1.0

0.896551724137931
1.0

0.9310344827586207
1.0

0.9425287356321839
1.0

0.9425287356321839
1.0

0.9655172413793104
1.0

0.9770114942528736
1.0

0.9310344827586207
1.0

0.9425287356321839
1.0

0.9195402298850575
1.0

0.896551724137931
1.0

0.9540229885057471
1.0

0.9310344827586207
1.0

0.9195402298850575
1.0

0.9425287356321839
1.0

0.9310344827586207
1.0

0.9540229885057471
1.0

0.9425287356321839
1.0

0.9425287356321839
1.0

0.9425287356321839
1.0

0.9425287356321839
1.0

0.9540229885057471
1.0

0.896551724137931
1.0

0.9310344827586207
1.0

0.9655172413793104
1.0

0.9310344827586207
1.0

0.9195402298850575
1.0

0.9540229885057471
1.0

0.9540229885057471
1.0

0.9310344827586207
1.0

0.9310344827586207
1.0

0.9195402298850575
1.0

0.9310344827586207
1.0

0.9195402298850575
1.0

0.9425287356321839
1.0

0.9540229885057471
1.0

0.9425287356321839
1.0

0.9310344827586207
1.0

0.9425287356321839
1.0

0.9425287356321839
1.0

0.9195402298850575
1.0

0.9540229885057471
1.0

0.9655172413793104
1.0

0.9540229885057471
1.0

0.9655172413793104
1.0

0.9195402298850575
1.0

0.9540229885057471
1.0

0.9540229885057471
1.0

0.9195402298850575
1.0

0.9080459770114943
1.0

0.9655172413793104
1.0

0.9540229885057471
1.0

0.9195402298850575
1.0

0.9425287356321839
1.0